1301
2.525481e-01	1200
2.529107e-01	1201
2.532735e-01	1202
2.536363e-01	1203
2.539993e-01	1204
2.543623e-01	1205
2.547254e-01	1206
2.550887e-01	1207
2.554520e-01	1208
2.558155e-01	1209
2.561790e-01	1210
2.565426e-01	1211
2.569063e-01	1212
2.572702e-01	1213
2.576341e-01	1214
2.579981e-01	1215
2.583622e-01	1216
2.587264e-01	1217
2.590907e-01	1218
2.594551e-01	1219
2.598196e-01	1220
2.601842e-01	1221
2.605488e-01	1222
2.609136e-01	1223
2.612785e-01	1224
2.616434e-01	1225
2.620084e-01	1226
2.623736e-01	1227
2.627388e-01	1228
2.631041e-01	1229
2.634695e-01	1230
2.638350e-01	1231
2.642005e-01	1232
2.645662e-01	1233
2.649320e-01	1234
2.652978e-01	1235
2.656637e-01	1236
2.660297e-01	1237
2.663958e-01	1238
2.667620e-01	1239
2.671283e-01	1240
2.674946e-01	1241
2.678610e-01	1242
2.682276e-01	1243
2.685942e-01	1244
2.689608e-01	1245
2.693276e-01	1246
2.696944e-01	1247
2.700614e-01	1248
2.704284e-01	1249
2.707955e-01	1250
2.711627e-01	1251
2.715299e-01	1252
2.718972e-01	1253
2.722646e-01	1254
2.726321e-01	1255
2.729997e-01	1256
2.733673e-01	1257
2.737351e-01	1258
2.741029e-01	1259
2.744707e-01	1260
2.748387e-01	1261
2.752067e-01	1262
2.755748e-01	1263
2.759430e-01	1264
2.763113e-01	1265
2.766796e-01	1266
2.770480e-01	1267
2.774165e-01	1268
2.777850e-01	1269
2.781537e-01	1270
2.785224e-01	1271
2.788911e-01	1272
2.792600e-01	1273
2.796289e-01	1274
2.799979e-01	1275
2.803669e-01	1276
2.807361e-01	1277
2.811053e-01	1278
2.814745e-01	1279
2.818439e-01	1280
2.822133e-01	1281
2.825827e-01	1282
2.829523e-01	1283
2.833219e-01	1284
2.836916e-01	1285
2.840613e-01	1286
2.844311e-01	1287
2.848010e-01	1288
2.851709e-01	1289
2.855409e-01	1290
2.859110e-01	1291
2.862811e-01	1292
2.866513e-01	1293
2.870216e-01	1294
2.873919e-01	1295
2.877623e-01	1296
2.881328e-01	1297
2.885033e-01	1298
2.888739e-01	1299
2.892445e-01	1300
2.896152e-01	1301
2.899860e-01	1302
2.903568e-01	1303
2.907277e-01	1304
2.910986e-01	1305
2.914696e-01	1306
2.918407e-01	1307
2.922118e-01	1308
2.925830e-01	1309
2.929542e-01	1310
2.933255e-01	1311
2.936969e-01	1312
2.940683e-01	1313
2.944398e-01	1314
2.948113e-01	1315
2.951829e-01	1316
2.955545e-01	1317
2.959262e-01	1318
2.962979e-01	1319
2.966697e-01	1320
2.970416e-01	1321
2.974135e-01	1322
2.977855e-01	1323
2.981575e-01	1324
2.985296e-01	1325
2.989017e-01	1326
2.992739e-01	1327
2.996461e-01	1328
3.000184e-01	1329
3.003907e-01	1330
3.007631e-01	1331
3.011355e-01	1332
3.015080e-01	1333
3.018806e-01	1334
3.022531e-01	1335
3.026258e-01	1336
3.029985e-01	1337
3.033712e-01	1338
3.037440e-01	1339
3.041168e-01	1340
3.044897e-01	1341
3.048626e-01	1342
3.052356e-01	1343
3.056086e-01	1344
3.059816e-01	1345
3.063548e-01	1346
3.067279e-01	1347
3.071011e-01	1348
3.074744e-01	1349
3.078476e-01	1350
3.082210e-01	1351
3.085944e-01	1352
3.089678e-01	1353
3.093413e-01	1354
3.097148e-01	1355
3.100883e-01	1356
3.104619e-01	1357
3.108355e-01	1358
3.112092e-01	1359
3.115830e-01	1360
3.119567e-01	1361
3.123305e-01	1362
3.127044e-01	1363
3.130782e-01	1364
3.134522e-01	1365
3.138261e-01	1366
3.142001e-01	1367
3.145742e-01	1368
3.149483e-01	1369
3.153224e-01	1370
3.156966e-01	1371
3.160708e-01	1372
3.164450e-01	1373
3.168193e-01	1374
3.171936e-01	1375
3.175679e-01	1376
3.179423e-01	1377
3.183167e-01	1378
3.186912e-01	1379
3.190657e-01	1380
3.194402e-01	1381
3.198147e-01	1382
3.201893e-01	1383
3.205640e-01	1384
3.209386e-01	1385
3.213133e-01	1386
3.216881e-01	1387
3.220628e-01	1388
3.224376e-01	1389
3.228125e-01	1390
3.231873e-01	1391
3.235622e-01	1392
3.239371e-01	1393
3.243121e-01	1394
3.246871e-01	1395
3.250621e-01	1396
3.254371e-01	1397
3.258122e-01	1398
3.261873e-01	1399
3.265625e-01	1400
3.269376e-01	1401
3.273128e-01	1402
3.276881e-01	1403
3.280633e-01	1404
3.284386e-01	1405
3.288139e-01	1406
3.291893e-01	1407
3.295646e-01	1408
3.299400e-01	1409
3.303154e-01	1410
3.306909e-01	1411
3.310664e-01	1412
3.314419e-01	1413
3.318174e-01	1414
3.321929e-01	1415
3.325685e-01	1416
3.329441e-01	1417
3.333197e-01	1418
3.336954e-01	1419
3.340711e-01	1420
3.344468e-01	1421
3.348225e-01	1422
3.351982e-01	1423
3.355740e-01	1424
3.359498e-01	1425
3.363256e-01	1426
3.367014e-01	1427
3.370773e-01	1428
3.374532e-01	1429
3.378291e-01	1430
3.382050e-01	1431
3.385809e-01	1432
3.389569e-01	1433
3.393329e-01	1434
3.397089e-01	1435
3.400849e-01	1436
3.404609e-01	1437
3.408370e-01	1438
3.412131e-01	1439
3.415892e-01	1440
3.419653e-01	1441
3.423414e-01	1442
3.427176e-01	1443
3.430937e-01	1444
3.434699e-01	1445
3.438461e-01	1446
3.442224e-01	1447
3.445986e-01	1448
3.449749e-01	1449
3.453511e-01	1450
3.457274e-01	1451
3.461037e-01	1452
3.464800e-01	1453
3.468564e-01	1454
3.472327e-01	1455
3.476091e-01	1456
3.479855e-01	1457
3.483618e-01	1458
3.487383e-01	1459
3.491147e-01	1460
3.494911e-01	1461
3.498676e-01	1462
3.502440e-01	1463
3.506205e-01	1464
3.509970e-01	1465
3.513735e-01	1466
3.517500e-01	1467
3.521265e-01	1468
3.525030e-01	1469
3.528796e-01	1470
3.532561e-01	1471
3.536327e-01	1472
3.540093e-01	1473
3.543858e-01	1474
3.547624e-01	1475
3.551390e-01	1476
3.555156e-01	1477
3.558923e-01	1478
3.562689e-01	1479
3.566455e-01	1480
3.570222e-01	1481
3.573988e-01	1482
3.577755e-01	1483
3.581522e-01	1484
3.585289e-01	1485
3.589056e-01	1486
3.592822e-01	1487
3.596590e-01	1488
3.600357e-01	1489
3.604124e-01	1490
3.607891e-01	1491
3.611658e-01	1492
3.615426e-01	1493
3.619193e-01	1494
3.622960e-01	1495
3.626728e-01	1496
3.630495e-01	1497
3.634263e-01	1498
3.638031e-01	1499
3.641798e-01	1500
3.645566e-01	1501
3.649334e-01	1502
3.653101e-01	1503
3.656869e-01	1504
3.660637e-01	1505
3.664405e-01	1506
3.668173e-01	1507
3.671941e-01	1508
3.675709e-01	1509
3.679477e-01	1510
3.683245e-01	1511
3.687013e-01	1512
3.690781e-01	1513
3.694549e-01	1514
3.698317e-01	1515
3.702085e-01	1516
3.705853e-01	1517
3.709621e-01	1518
3.713389e-01	1519
3.717157e-01	1520
3.720925e-01	1521
3.724693e-01	1522
3.728461e-01	1523
3.732229e-01	1524
3.735997e-01	1525
3.739765e-01	1526
3.743533e-01	1527
3.747300e-01	1528
3.751068e-01	1529
3.754836e-01	1530
3.758604e-01	1531
3.762372e-01	1532
3.766140e-01	1533
3.769907e-01	1534
3.773675e-01	1535
3.777443e-01	1536
3.781210e-01	1537
3.784978e-01	1538
3.788745e-01	1539
3.792513e-01	1540
3.796280e-01	1541
3.800048e-01	1542
3.803815e-01	1543
3.807582e-01	1544
3.811350e-01	1545
3.815117e-01	1546
3.818884e-01	1547
3.822651e-01	1548
3.826418e-01	1549
3.830185e-01	1550
3.833952e-01	1551
3.837719e-01	1552
3.841485e-01	1553
3.845252e-01	1554
3.849019e-01	1555
3.852785e-01	1556
3.856551e-01	1557
3.860318e-01	1558
3.864084e-01	1559
3.867850e-01	1560
3.871616e-01	1561
3.875382e-01	1562
3.879148e-01	1563
3.882914e-01	1564
3.886680e-01	1565
3.890445e-01	1566
3.894211e-01	1567
3.897976e-01	1568
3.901741e-01	1569
3.905507e-01	1570
3.909272e-01	1571
3.913037e-01	1572
3.916801e-01	1573
3.920566e-01	1574
3.924331e-01	1575
3.928095e-01	1576
3.931860e-01	1577
3.935624e-01	1578
3.939388e-01	1579
3.943152e-01	1580
3.946916e-01	1581
3.950680e-01	1582
3.954443e-01	1583
3.958207e-01	1584
3.961970e-01	1585
3.965734e-01	1586
3.969497e-01	1587
3.973260e-01	1588
3.977022e-01	1589
3.980785e-01	1590
3.984548e-01	1591
3.988310e-01	1592
3.992072e-01	1593
3.995834e-01	1594
3.999596e-01	1595
4.003358e-01	1596
4.007120e-01	1597
4.010881e-01	1598
4.014642e-01	1599
4.018404e-01	1600
4.022165e-01	1601
4.025925e-01	1602
4.029686e-01	1603
4.033446e-01	1604
4.037207e-01	1605
4.040967e-01	1606
4.044727e-01	1607
4.048487e-01	1608
4.052246e-01	1609
4.056006e-01	1610
4.059765e-01	1611
4.063524e-01	1612
4.067283e-01	1613
4.071042e-01	1614
4.074800e-01	1615
4.078558e-01	1616
4.082317e-01	1617
4.086074e-01	1618
4.089832e-01	1619
4.093590e-01	1620
4.097347e-01	1621
4.101104e-01	1622
4.104861e-01	1623
4.108618e-01	1624
4.112374e-01	1625
4.116131e-01	1626
4.119887e-01	1627
4.123643e-01	1628
4.127398e-01	1629
4.131154e-01	1630
4.134909e-01	1631
4.138664e-01	1632
4.142419e-01	1633
4.146174e-01	1634
4.149928e-01	1635
4.153682e-01	1636
4.157436e-01	1637
4.161190e-01	1638
4.164943e-01	1639
4.168696e-01	1640
4.172450e-01	1641
4.176202e-01	1642
4.179955e-01	1643
4.183707e-01	1644
4.187459e-01	1645
4.191211e-01	1646
4.194963e-01	1647
4.198714e-01	1648
4.202465e-01	1649
4.206216e-01	1650
4.209967e-01	1651
4.213717e-01	1652
4.217467e-01	1653
4.221217e-01	1654
4.224966e-01	1655
4.228716e-01	1656
4.232465e-01	1657
4.236214e-01	1658
4.239962e-01	1659
4.243711e-01	1660
4.247459e-01	1661
4.251206e-01	1662
4.254954e-01	1663
4.258701e-01	1664
4.262448e-01	1665
4.266195e-01	1666
4.269941e-01	1667
4.273687e-01	1668
4.277433e-01	1669
4.281179e-01	1670
4.284924e-01	1671
4.288669e-01	1672
4.292414e-01	1673
4.296159e-01	1674
4.299903e-01	1675
4.303647e-01	1676
4.307390e-01	1677
4.311134e-01	1678
4.314877e-01	1679
4.318619e-01	1680
4.322362e-01	1681
4.326104e-01	1682
4.329846e-01	1683
4.333587e-01	1684
4.337329e-01	1685
4.341070e-01	1686
4.344810e-01	1687
4.348551e-01	1688
4.352291e-01	1689
4.356030e-01	1690
4.359770e-01	1691
4.363509e-01	1692
4.367248e-01	1693
4.370986e-01	1694
4.374724e-01	1695
4.378462e-01	1696
4.382200e-01	1697
4.385937e-01	1698
4.389674e-01	1699
4.393411e-01	1700
4.397147e-01	1701
4.400883e-01	1702
4.404618e-01	1703
4.408354e-01	1704
4.412089e-01	1705
4.415823e-01	1706
4.419558e-01	1707
4.423292e-01	1708
4.427025e-01	1709
4.430758e-01	1710
4.434491e-01	1711
4.438224e-01	1712
4.441956e-01	1713
4.445688e-01	1714
4.449420e-01	1715
4.453151e-01	1716
4.456882e-01	1717
4.460613e-01	1718
4.464343e-01	1719
4.468073e-01	1720
4.471802e-01	1721
4.475531e-01	1722
4.479260e-01	1723
4.482989e-01	1724
4.486717e-01	1725
4.490444e-01	1726
4.494172e-01	1727
4.497899e-01	1728
4.501626e-01	1729
4.505352e-01	1730
4.509078e-01	1731
4.512803e-01	1732
4.516529e-01	1733
4.520253e-01	1734
4.523978e-01	1735
4.527702e-01	1736
4.531426e-01	1737
4.535149e-01	1738
4.538872e-01	1739
4.542595e-01	1740
4.546317e-01	1741
4.550039e-01	1742
4.553760e-01	1743
4.557481e-01	1744
4.561202e-01	1745
4.564922e-01	1746
4.568642e-01	1747
4.572362e-01	1748
4.576081e-01	1749
4.579800e-01	1750
4.583518e-01	1751
4.587236e-01	1752
4.590954e-01	1753
4.594671e-01	1754
4.598388e-01	1755
4.602104e-01	1756
4.605820e-01	1757
4.609536e-01	1758
4.613251e-01	1759
4.616966e-01	1760
4.620681e-01	1761
4.624395e-01	1762
4.628108e-01	1763
4.631821e-01	1764
4.635534e-01	1765
4.639247e-01	1766
4.642959e-01	1767
4.646670e-01	1768
4.650381e-01	1769
4.654092e-01	1770
4.657803e-01	1771
4.661512e-01	1772
4.665222e-01	1773
4.668931e-01	1774
4.672640e-01	1775
4.676348e-01	1776
4.680056e-01	1777
4.683763e-01	1778
4.687470e-01	1779
4.691177e-01	1780
4.694883e-01	1781
4.698589e-01	1782
4.702294e-01	1783
4.705999e-01	1784
4.709703e-01	1785
4.713407e-01	1786
4.717111e-01	1787
4.720814e-01	1788
4.724517e-01	1789
4.728219e-01	1790
4.731921e-01	1791
4.735622e-01	1792
4.739323e-01	1793
4.743024e-01	1794
4.746724e-01	1795
4.750424e-01	1796
4.754123e-01	1797
4.757821e-01	1798
4.761520e-01	1799
4.765218e-01	1800
4.768915e-01	1801
4.772612e-01	1802
4.776309e-01	1803
4.780005e-01	1804
4.783700e-01	1805
4.787395e-01	1806
4.791090e-01	1807
4.794784e-01	1808
4.798478e-01	1809
4.802171e-01	1810
4.805864e-01	1811
4.809557e-01	1812
4.813249e-01	1813
4.816940e-01	1814
4.820631e-01	1815
4.824322e-01	1816
4.828012e-01	1817
4.831701e-01	1818
4.835391e-01	1819
4.839079e-01	1820
4.842767e-01	1821
4.846455e-01	1822
4.850142e-01	1823
4.853829e-01	1824
4.857516e-01	1825
4.861202e-01	1826
4.864887e-01	1827
4.868572e-01	1828
4.872256e-01	1829
4.875940e-01	1830
4.879624e-01	1831
4.883307e-01	1832
4.886989e-01	1833
4.890671e-01	1834
4.894353e-01	1835
4.898034e-01	1836
4.901714e-01	1837
4.905394e-01	1838
4.909074e-01	1839
4.912753e-01	1840
4.916432e-01	1841
4.920110e-01	1842
4.923788e-01	1843
4.927465e-01	1844
4.931141e-01	1845
4.934817e-01	1846
4.938493e-01	1847
4.942168e-01	1848
4.945843e-01	1849
4.949517e-01	1850
4.953191e-01	1851
4.956864e-01	1852
4.960537e-01	1853
4.964209e-01	1854
4.967880e-01	1855
4.971552e-01	1856
4.975222e-01	1857
4.978892e-01	1858
4.982562e-01	1859
4.986231e-01	1860
4.989900e-01	1861
4.993568e-01	1862
4.997235e-01	1863
5.000903e-01	1864
5.004569e-01	1865
5.008235e-01	1866
5.011901e-01	1867
5.015566e-01	1868
5.019230e-01	1869
5.022894e-01	1870
5.026558e-01	1871
5.030221e-01	1872
5.033883e-01	1873
5.037545e-01	1874
5.041206e-01	1875
5.044867e-01	1876
5.048528e-01	1877
5.052187e-01	1878
5.055847e-01	1879
5.059506e-01	1880
5.063164e-01	1881
5.066821e-01	1882
5.070479e-01	1883
5.074135e-01	1884
5.077791e-01	1885
5.081447e-01	1886
5.085102e-01	1887
5.088757e-01	1888
5.092411e-01	1889
5.096064e-01	1890
5.099717e-01	1891
5.103369e-01	1892
5.107021e-01	1893
5.110672e-01	1894
5.114323e-01	1895
5.117973e-01	1896
5.121623e-01	1897
5.125272e-01	1898
5.128921e-01	1899
5.132569e-01	1900
5.136216e-01	1901
5.139863e-01	1902
5.143510e-01	1903
5.147156e-01	1904
5.150801e-01	1905
5.154446e-01	1906
5.158090e-01	1907
5.161734e-01	1908
5.165377e-01	1909
5.169019e-01	1910
5.172661e-01	1911
5.176303e-01	1912
5.179944e-01	1913
5.183584e-01	1914
5.187224e-01	1915
5.190863e-01	1916
5.194502e-01	1917
5.198140e-01	1918
5.201777e-01	1919
5.205414e-01	1920
5.209051e-01	1921
5.212687e-01	1922
5.216322e-01	1923
5.219957e-01	1924
5.223591e-01	1925
5.227224e-01	1926
5.230857e-01	1927
5.234490e-01	1928
5.238122e-01	1929
5.241753e-01	1930
5.245384e-01	1931
5.249014e-01	1932
5.252644e-01	1933
5.256273e-01	1934
5.259901e-01	1935
5.263529e-01	1936
5.267156e-01	1937
5.270783e-01	1938
5.274409e-01	1939
5.278035e-01	1940
5.281660e-01	1941
5.285284e-01	1942
5.288908e-01	1943
5.292532e-01	1944
5.296154e-01	1945
5.299776e-01	1946
5.303398e-01	1947
5.307019e-01	1948
5.310639e-01	1949
5.314259e-01	1950
5.317878e-01	1951
5.321497e-01	1952
5.325115e-01	1953
5.328732e-01	1954
5.332349e-01	1955
5.335965e-01	1956
5.339581e-01	1957
5.343196e-01	1958
5.346811e-01	1959
5.350425e-01	1960
5.354038e-01	1961
5.357651e-01	1962
5.361263e-01	1963
5.364874e-01	1964
5.368485e-01	1965
5.372096e-01	1966
5.375705e-01	1967
5.379314e-01	1968
5.382923e-01	1969
5.386531e-01	1970
5.390138e-01	1971
5.393745e-01	1972
5.397351e-01	1973
5.400957e-01	1974
5.404562e-01	1975
5.408166e-01	1976
5.411770e-01	1977
5.415373e-01	1978
5.418975e-01	1979
5.422577e-01	1980
5.426179e-01	1981
5.429779e-01	1982
5.433380e-01	1983
5.436979e-01	1984
5.440578e-01	1985
5.444176e-01	1986
5.447774e-01	1987
5.451371e-01	1988
5.454967e-01	1989
5.458563e-01	1990
5.462158e-01	1991
5.465753e-01	1992
5.469347e-01	1993
5.472940e-01	1994
5.476533e-01	1995
5.480125e-01	1996
5.483717e-01	1997
5.487308e-01	1998
5.490898e-01	1999
5.494488e-01	2000
5.498077e-01	2001
5.501665e-01	2002
5.505253e-01	2003
5.508840e-01	2004
5.512427e-01	2005
5.516013e-01	2006
5.519598e-01	2007
5.523183e-01	2008
5.526767e-01	2009
5.530350e-01	2010
5.533933e-01	2011
5.537515e-01	2012
5.541097e-01	2013
5.544677e-01	2014
5.548258e-01	2015
5.551837e-01	2016
5.555416e-01	2017
5.558995e-01	2018
5.562573e-01	2019
5.566150e-01	2020
5.569726e-01	2021
5.573302e-01	2022
5.576877e-01	2023
5.580452e-01	2024
5.584026e-01	2025
5.587599e-01	2026
5.591172e-01	2027
5.594744e-01	2028
5.598316e-01	2029
5.601886e-01	2030
5.605457e-01	2031
5.609026e-01	2032
5.612595e-01	2033
5.616163e-01	2034
5.619731e-01	2035
5.623298e-01	2036
5.626864e-01	2037
5.630430e-01	2038
5.633995e-01	2039
5.637559e-01	2040
5.641123e-01	2041
5.644686e-01	2042
5.648248e-01	2043
5.651810e-01	2044
5.655371e-01	2045
5.658932e-01	2046
5.662492e-01	2047
5.666051e-01	2048
5.669609e-01	2049
5.673167e-01	2050
5.676725e-01	2051
5.680281e-01	2052
5.683837e-01	2053
5.687392e-01	2054
5.690947e-01	2055
5.694501e-01	2056
5.698054e-01	2057
5.701607e-01	2058
5.705159e-01	2059
5.708711e-01	2060
5.712261e-01	2061
5.715811e-01	2062
5.719361e-01	2063
5.722909e-01	2064
5.726458e-01	2065
5.730005e-01	2066
5.733552e-01	2067
5.737098e-01	2068
5.740643e-01	2069
5.744188e-01	2070
5.747732e-01	2071
5.751276e-01	2072
5.754819e-01	2073
5.758361e-01	2074
5.761902e-01	2075
5.765443e-01	2076
5.768983e-01	2077
5.772523e-01	2078
5.776062e-01	2079
5.779600e-01	2080
5.783137e-01	2081
5.786674e-01	2082
5.790210e-01	2083
5.793746e-01	2084
5.797280e-01	2085
5.800815e-01	2086
5.804348e-01	2087
5.807881e-01	2088
5.811413e-01	2089
5.814945e-01	2090
5.818475e-01	2091
5.822005e-01	2092
5.825535e-01	2093
5.829064e-01	2094
5.832592e-01	2095
5.836119e-01	2096
5.839646e-01	2097
5.843172e-01	2098
5.846698e-01	2099
5.850222e-01	2100
5.853746e-01	2101
5.857270e-01	2102
5.860792e-01	2103
5.864314e-01	2104
5.867836e-01	2105
5.871356e-01	2106
5.874876e-01	2107
5.878396e-01	2108
5.881914e-01	2109
5.885432e-01	2110
5.888950e-01	2111
5.892466e-01	2112
5.895982e-01	2113
5.899497e-01	2114
5.903012e-01	2115
5.906526e-01	2116
5.910039e-01	2117
5.913551e-01	2118
5.917063e-01	2119
5.920574e-01	2120
5.924085e-01	2121
5.927594e-01	2122
5.931103e-01	2123
5.934612e-01	2124
5.938120e-01	2125
5.941627e-01	2126
5.945133e-01	2127
5.948638e-01	2128
5.952143e-01	2129
5.955648e-01	2130
5.959151e-01	2131
5.962654e-01	2132
5.966156e-01	2133
5.969658e-01	2134
5.973158e-01	2135
5.976658e-01	2136
5.980158e-01	2137
5.983657e-01	2138
5.987155e-01	2139
5.990652e-01	2140
5.994148e-01	2141
5.997644e-01	2142
6.001140e-01	2143
6.004634e-01	2144
6.008128e-01	2145
6.011621e-01	2146
6.015114e-01	2147
6.018605e-01	2148
6.022096e-01	2149
6.025587e-01	2150
6.029076e-01	2151
6.032565e-01	2152
6.036053e-01	2153
6.039541e-01	2154
6.043028e-01	2155
6.046514e-01	2156
6.049999e-01	2157
6.053484e-01	2158
6.056968e-01	2159
6.060452e-01	2160
6.063934e-01	2161
6.067416e-01	2162
6.070897e-01	2163
6.074378e-01	2164
6.077858e-01	2165
6.081337e-01	2166
6.084815e-01	2167
6.088293e-01	2168
6.091770e-01	2169
6.095246e-01	2170
6.098722e-01	2171
6.102197e-01	2172
6.105671e-01	2173
6.109144e-01	2174
6.112617e-01	2175
6.116089e-01	2176
6.119560e-01	2177
6.123031e-01	2178
6.126501e-01	2179
6.129970e-01	2180
6.133438e-01	2181
6.136906e-01	2182
6.140373e-01	2183
6.143840e-01	2184
6.147305e-01	2185
6.150770e-01	2186
6.154234e-01	2187
6.157698e-01	2188
6.161161e-01	2189
6.164623e-01	2190
6.168084e-01	2191
6.171545e-01	2192
6.175005e-01	2193
6.178464e-01	2194
6.181922e-01	2195
6.185380e-01	2196
6.188837e-01	2197
6.192293e-01	2198
6.195749e-01	2199
6.199204e-01	2200
6.202658e-01	2201
6.206111e-01	2202
6.209564e-01	2203
6.213016e-01	2204
6.216468e-01	2205
6.219918e-01	2206
6.223368e-01	2207
6.226817e-01	2208
6.230266e-01	2209
6.233713e-01	2210
6.237160e-01	2211
6.240606e-01	2212
6.244052e-01	2213
6.247497e-01	2214
6.250941e-01	2215
6.254384e-01	2216
6.257827e-01	2217
6.261269e-01	2218
6.264710e-01	2219
6.268150e-01	2220
6.271590e-01	2221
6.275029e-01	2222
6.278467e-01	2223
6.281905e-01	2224
6.285342e-01	2225
6.288778e-01	2226
6.292213e-01	2227
6.295648e-01	2228
6.299082e-01	2229
6.302515e-01	2230
6.305948e-01	2231
6.309379e-01	2232
6.312810e-01	2233
6.316241e-01	2234
6.319670e-01	2235
6.323099e-01	2236
6.326527e-01	2237
6.329954e-01	2238
6.333381e-01	2239
6.336807e-01	2240
6.340232e-01	2241
6.343656e-01	2242
6.347080e-01	2243
6.350503e-01	2244
6.353925e-01	2245
6.357347e-01	2246
6.360768e-01	2247
6.364188e-01	2248
6.367607e-01	2249
6.371026e-01	2250
6.374443e-01	2251
6.377860e-01	2252
6.381277e-01	2253
6.384692e-01	2254
6.388107e-01	2255
6.391521e-01	2256
6.394935e-01	2257
6.398348e-01	2258
6.401759e-01	2259
6.405171e-01	2260
6.408581e-01	2261
6.411991e-01	2262
6.415400e-01	2263
6.418808e-01	2264
6.422216e-01	2265
6.425622e-01	2266
6.429028e-01	2267
6.432434e-01	2268
6.435838e-01	2269
6.439242e-01	2270
6.442645e-01	2271
6.446047e-01	2272
6.449449e-01	2273
6.452850e-01	2274
6.456250e-01	2275
6.459649e-01	2276
6.463048e-01	2277
6.466446e-01	2278
6.469843e-01	2279
6.473239e-01	2280
6.476635e-01	2281
6.480030e-01	2282
6.483424e-01	2283
6.486817e-01	2284
6.490210e-01	2285
6.493602e-01	2286
6.496993e-01	2287
6.500384e-01	2288
6.503773e-01	2289
6.507162e-01	2290
6.510551e-01	2291
6.513938e-01	2292
6.517325e-01	2293
6.520711e-01	2294
6.524096e-01	2295
6.527480e-01	2296
6.530864e-01	2297
6.534247e-01	2298
6.537629e-01	2299
6.541011e-01	2300
6.544391e-01	2301
6.547771e-01	2302
6.551151e-01	2303
6.554529e-01	2304
6.557907e-01	2305
6.561284e-01	2306
6.564660e-01	2307
6.568036e-01	2308
6.571410e-01	2309
6.574784e-01	2310
6.578157e-01	2311
6.581530e-01	2312
6.584902e-01	2313
6.588273e-01	2314
6.591643e-01	2315
6.595012e-01	2316
6.598381e-01	2317
6.601749e-01	2318
6.605116e-01	2319
6.608483e-01	2320
6.611848e-01	2321
6.615213e-01	2322
6.618578e-01	2323
6.621941e-01	2324
6.625304e-01	2325
6.628666e-01	2326
6.632027e-01	2327
6.635387e-01	2328
6.638747e-01	2329
6.642106e-01	2330
6.645464e-01	2331
6.648821e-01	2332
6.652178e-01	2333
6.655534e-01	2334
6.658889e-01	2335
6.662243e-01	2336
6.665597e-01	2337
6.668950e-01	2338
6.672302e-01	2339
6.675653e-01	2340
6.679004e-01	2341
6.682354e-01	2342
6.685703e-01	2343
6.689051e-01	2344
6.692399e-01	2345
6.695746e-01	2346
6.699092e-01	2347
6.702437e-01	2348
6.705781e-01	2349
6.709125e-01	2350
6.712468e-01	2351
6.715810e-01	2352
6.719152e-01	2353
6.722493e-01	2354
6.725833e-01	2355
6.729172e-01	2356
6.732510e-01	2357
6.735848e-01	2358
6.739185e-01	2359
6.742521e-01	2360
6.745856e-01	2361
6.749191e-01	2362
6.752525e-01	2363
6.755858e-01	2364
6.759190e-01	2365
6.762522e-01	2366
6.765853e-01	2367
6.769183e-01	2368
6.772512e-01	2369
6.775841e-01	2370
6.779168e-01	2371
6.782495e-01	2372
6.785822e-01	2373
6.789147e-01	2374
6.792472e-01	2375
6.795796e-01	2376
6.799119e-01	2377
6.802441e-01	2378
6.805763e-01	2379
6.809084e-01	2380
6.812404e-01	2381
6.815723e-01	2382
6.819042e-01	2383
6.822360e-01	2384
6.825677e-01	2385
6.828993e-01	2386
6.832309e-01	2387
6.835623e-01	2388
6.838937e-01	2389
6.842251e-01	2390
6.845563e-01	2391
6.848875e-01	2392
6.852186e-01	2393
6.855496e-01	2394
6.858805e-01	2395
6.862114e-01	2396
6.865422e-01	2397
6.868729e-01	2398
6.872035e-01	2399
6.875341e-01	2400
6.878645e-01	2401
6.881949e-01	2402
6.885253e-01	2403
6.888555e-01	2404
6.891857e-01	2405
6.895158e-01	2406
6.898458e-01	2407
6.901757e-01	2408
6.905056e-01	2409
6.908354e-01	2410
6.911651e-01	2411
6.914947e-01	2412
6.918243e-01	2413
6.921537e-01	2414
6.924831e-01	2415
6.928125e-01	2416
6.931417e-01	2417
6.934709e-01	2418
6.938000e-01	2419
6.941290e-01	2420
6.944579e-01	2421
6.947868e-01	2422
6.951156e-01	2423
6.954443e-01	2424
6.957729e-01	2425
6.961014e-01	2426
6.964299e-01	2427
6.967583e-01	2428
6.970866e-01	2429
6.974149e-01	2430
6.977430e-01	2431
6.980711e-01	2432
6.983991e-01	2433
6.987271e-01	2434
6.990549e-01	2435
6.993827e-01	2436
6.997104e-01	2437
7.000380e-01	2438
7.003655e-01	2439
7.006930e-01	2440
7.010204e-01	2441
7.013477e-01	2442
7.016749e-01	2443
7.020021e-01	2444
7.023292e-01	2445
7.026562e-01	2446
7.029831e-01	2447
7.033100e-01	2448
7.036367e-01	2449
7.039634e-01	2450
7.042900e-01	2451
7.046166e-01	2452
7.049430e-01	2453
7.052694e-01	2454
7.055957e-01	2455
7.059219e-01	2456
7.062481e-01	2457
7.065742e-01	2458
7.069001e-01	2459
7.072261e-01	2460
7.075519e-01	2461
7.078777e-01	2462
7.082033e-01	2463
7.085289e-01	2464
7.088545e-01	2465
7.091799e-01	2466
7.095053e-01	2467
7.098306e-01	2468
7.101558e-01	2469
7.104809e-01	2470
7.108060e-01	2471
7.111310e-01	2472
7.114559e-01	2473
7.117807e-01	2474
7.121054e-01	2475
7.124301e-01	2476
7.127547e-01	2477
7.130792e-01	2478
7.134037e-01	2479
7.137280e-01	2480
7.140523e-01	2481
7.143765e-01	2482
7.147006e-01	2483
7.150247e-01	2484
7.153486e-01	2485
7.156725e-01	2486
7.159963e-01	2487
7.163201e-01	2488
7.166437e-01	2489
7.169673e-01	2490
7.172908e-01	2491
7.176142e-01	2492
7.179376e-01	2493
7.182608e-01	2494
7.185840e-01	2495
7.189071e-01	2496
7.192302e-01	2497
7.195531e-01	2498
7.198760e-01	2499
7.201988e-01	2500
