       403.0     2400.360      1555.120     12369.950
       404.0     2303.800      1611.300     12840.680
       405.0     2193.490      1660.320     13215.100
       406.0     2147.390      1759.670     13976.910
       407.0     1985.020      1763.800     13917.910
       408.0     1935.960      1867.990     14651.850
       409.0     1822.130      1878.610     14859.880
       410.0     1695.020      1876.040     15018.170
       411.0     1575.890      1889.720     15327.960
       412.0     1495.310      1917.850     15839.210
       413.0     1358.630      1859.250     15807.690
       414.0     1287.270      1891.790     16458.560
       415.0     1165.900      1840.510     16380.370
       416.0     1103.340      1880.990     17030.960
       417.0     1020.100      1883.340     17313.530
       418.0      934.450      1844.950     17235.880
       419.0      894.180      1897.380     17919.140
       420.0      845.690      1923.290     18376.330
       421.0      800.290      1930.770     18655.650
       422.0      787.750      2010.700     19723.550
       423.0      759.270      2036.160     20244.770
       424.0      736.770      2057.460     20755.890
       425.0      730.570      2095.200     21449.770
       426.0      716.580      2110.460     21808.460
       427.0      717.340      2168.870     22575.460
       428.0      710.420      2204.120     22990.700
       429.0      711.570      2250.540     23486.430
       430.0      708.180      2299.360     23909.270
       431.0      708.160      2343.640     24276.850
       432.0      704.620      2373.460     24565.670
       433.0      727.030      2479.060     25564.550
       434.0      726.740      2531.340     26051.560
       435.0      741.410      2614.470     26827.780
       436.0      748.200      2677.300     27408.090
       437.0      748.570      2743.250     27986.480
       438.0      739.600      2780.010     28313.350
       439.0      728.930      2823.660     28690.690
       440.0      718.790      2864.750     29030.240
       441.0      710.250      2908.420     29396.730
       442.0      693.280      2948.140     29672.580
       443.0      685.430      2966.580     29753.960
       444.0      681.680      3027.430     30235.780
       445.0      677.440      3073.500     30565.080
       446.0      670.420      3120.510     30853.140
       447.0      671.670      3192.550     31356.440
       448.0      673.100      3268.700     31882.950
       449.0      673.730      3353.590     32381.100
       450.0      685.050      3494.350     33400.740
       451.0      675.440      3510.390     33108.540
       452.0      690.950      3688.560     34223.540
       453.0      697.940      3801.260     34637.110
       454.0      703.390      3912.750     34923.260
       455.0      705.930      4018.040     35013.320
       456.0      720.760      4180.840     35471.840
       457.0      726.800      4313.810     35587.770
       458.0      743.370      4500.690     35995.910
       459.0      745.310      4615.080     35666.120
       460.0      761.170      4845.430     36155.380
       461.0      767.280      5006.070     35962.670
       462.0      778.990      5220.200     36040.270
       463.0      792.090      5467.120     36210.730
       464.0      804.050      5706.210     36220.650
       465.0      808.770      5928.950     36071.990
       466.0      828.390      6257.910     36482.740
       467.0      833.200      6479.200     36243.720
       468.0      845.500      6762.450     36328.800
       469.0      854.730      7022.760     36258.820
       470.0      859.680      7243.780     35983.700
       471.0      870.720      7517.530     35952.640
       472.0      883.050      7773.990     35858.170
       473.0      894.900      8046.840     35856.370
       474.0      907.010      8300.530     35786.510
       475.0      918.390      8544.540     35734.490
       476.0      916.970      8701.900     35365.820
       477.0      925.730      8943.380     35397.780
       478.0      931.310      9137.490     35288.760
       479.0      934.750      9307.930     35144.040
       480.0      937.700      9491.380     35086.720
       481.0      929.850      9548.940     34596.390
       482.0      927.140      9667.740     34345.460
       483.0      923.900      9808.300     34155.030
       484.0      906.380      9785.990     33389.080
       485.0      908.620      9979.580     33330.320
       486.0      889.610      9951.610     32492.760
       487.0      887.020     10098.670     32194.180
       488.0      886.040     10266.540     31906.510
       489.0      889.000     10499.840     31756.130
       490.0      880.640     10580.140     31069.500
       491.0      887.480     10818.540     30759.260
       492.0      894.500     11102.230     30465.600
       493.0      893.450     11256.200     29721.950
       494.0      906.240     11608.580     29392.810
       495.0      919.630     11955.910     28949.420
       496.0      931.460     12288.270     28396.810
       497.0      941.470     12580.440     27697.670
       498.0      962.420     13041.610     27311.320
       499.0      982.730     13437.680     26732.510
       500.0     1001.640     13855.870     26151.950
       501.0     1027.070     14317.780     25599.570
       502.0     1055.880     14847.580     25102.270
       503.0     1079.450     15269.970     24376.740
       504.0     1107.120     15697.820     23632.270
       505.0     1146.880     16260.860     23054.960
       506.0     1188.030     16768.580     22363.540
       507.0     1214.610     16977.240     21267.160
       508.0     1277.820     17555.500     20634.500
       509.0     1337.870     18005.810     19834.960
       510.0     1406.120     18447.480     19021.540
       511.0     1483.020     18882.340     18206.340
       512.0     1580.100     19444.720     17521.010
       513.0     1682.430     19953.720     16787.020
       514.0     1795.170     20472.160     16062.550
       515.0     1920.700     21010.530     15352.550
       516.0     2043.610     21426.110     14560.240
       517.0     2170.190     21817.480     13770.080
       518.0     2330.690     22465.550     13153.150
       519.0     2482.940     22996.720     12483.390
       520.0     2620.230     23387.810     11773.210
       521.0     2762.130     23836.730     11129.580
       522.0     2911.190     24358.620     10551.650
       523.0     3038.160     24733.030      9946.310
       524.0     3156.190     25111.250      9377.670
       525.0     3250.150     25388.330      8807.230
       526.0     3300.120     25412.830      8187.070
       527.0     3375.320     25767.570      7709.430
       528.0     3401.730     25896.600      7197.530
       529.0     3417.270     26094.270      6734.910
       530.0     3378.390     26037.330      6238.130
       531.0     3338.100     26137.330      5813.570
       532.0     3272.490     26193.980      5408.390
       533.0     3201.960     26355.490      5052.350
       534.0     3098.110     26367.490      4692.970
       535.0     3009.250     26590.550      4396.560
       536.0     2916.670     26864.730      4130.540
       537.0     2808.980     27054.180      3869.470
       538.0     2684.450     27122.410      3609.420
       539.0     2569.830     27269.170      3375.890
       540.0     2450.780     27367.240      3148.540
       541.0     2355.830     27681.300      2954.820
       542.0     2237.090     27674.050      2733.680
       543.0     2128.050     27687.680      2524.740
       544.0     2035.760     27769.390      2331.820
       545.0     1940.570     27663.670      2133.050
       546.0     1862.780     27667.870      1953.140
       547.0     1788.790     27511.060      1774.280
       548.0     1736.660     27497.290      1616.500
       549.0     1693.290     27446.330      1468.070
       550.0     1663.310     27424.240      1332.630
       551.0     1640.140     27298.910      1204.630
       552.0     1620.830     27045.540      1084.670
       553.0     1624.240     26970.570       983.920
       554.0     1637.460     26833.420       891.280
       555.0     1657.300     26573.110       805.550
       556.0     1697.990     26443.170       732.400
       557.0     1748.660     26250.830       665.290
       558.0     1805.010     25916.260       601.890
       559.0     1889.490     25738.160       549.290
       560.0     1990.920     25539.070       502.970
       561.0     2114.770     25313.260       462.020
       562.0     2260.600     25036.870       425.670
       563.0     2445.830     24771.800       394.580
       564.0     2675.430     24531.320       368.040
       565.0     2962.770     24336.310       345.540
       566.0     3296.400     23992.570       323.660
       567.0     3719.650     23745.860       305.530
       568.0     4221.640     23425.040       288.470
       569.0     4815.630     23013.770       271.920
       570.0     5552.110     22681.820       257.460
       571.0     6422.330     22240.810       242.800
       572.0     7451.860     21787.130       228.840
       573.0     8652.110     21328.560       215.910
       574.0    10039.330     20868.430       204.100
       575.0    11607.200     20414.660       193.720
       576.0    13334.540     19972.410       184.910
       577.0    15207.780     19540.020       177.530
       578.0    17195.310     19113.360       171.480
       579.0    19265.340     18685.060       166.510
       580.0    21363.830     18252.040       162.700
       581.0    23448.670     17808.820       159.500
       582.0    25497.710     17351.520       156.650
       583.0    27467.450     16881.800       153.940
       584.0    29327.360     16402.870       151.020
       585.0    31071.480     15915.900       147.300
       586.0    32688.320     15423.840       142.950
       587.0    34162.960     14930.160       137.620
       588.0    35506.720     14436.260       131.840
       589.0    36722.880     13944.320       126.100
       590.0    37787.630     13439.110       120.750
       591.0    38581.440     12883.730       115.800
       592.0    39419.350     12386.820       112.530
       593.0    40051.680     11857.320       110.060
       594.0    40521.970     11307.570       108.440
       595.0    40795.730     10726.950       107.600
       596.0    41356.370     10234.830       108.150
       597.0    41365.390      9620.500       107.950
       598.0    41769.450      9107.470       109.340
       599.0    41694.750      8507.170       109.660
       600.0    42079.600      8023.670       111.160
       601.0    42017.450      7477.130       111.110
       602.0    42406.770      7036.590       111.770
       603.0    42399.740      6557.640       110.740
       604.0    42377.050      6103.570       108.870
       605.0    42267.900      5664.310       106.200
       606.0    41906.410      5217.800       102.610
       607.0    41831.730      4833.760        99.620
       608.0    41632.090      4463.520        96.190
       609.0    41238.870      4102.210        92.440
       610.0    41109.360      3795.910        89.090
       611.0    40975.720      3516.760        85.560
       612.0    40469.350      3234.000        81.000
       613.0    40538.680      3020.120        77.300
       614.0    40268.810      2798.910        72.920
       615.0    39948.400      2592.170        68.690
       616.0    39630.030      2402.980        64.950
       617.0    39359.230      2230.930        61.850
       618.0    39241.690      2082.090        59.440
       619.0    39006.450      1941.210        57.380
       620.0    39005.240      1824.030        55.740
       621.0    38988.380      1718.520        54.030
       622.0    38915.670      1622.530        52.060
       623.0    39142.270      1549.330        50.400
       624.0    38904.870      1467.590        48.340
       625.0    39052.760      1408.300        47.080
       626.0    38923.970      1346.980        46.070
       627.0    38896.420      1294.970        46.230
       628.0    38671.170      1241.830        46.880
       629.0    38582.410      1197.410        48.420
       630.0    38300.330      1151.490        50.030
       631.0    37968.750      1107.650        51.440
       632.0    37668.100      1068.050        52.470
       633.0    37400.260      1031.920        53.000
       634.0    37173.510       999.140        53.030
       635.0    36656.360       960.970        52.090
       636.0    36363.250       929.670        51.200
       637.0    35931.130       895.960        49.980
       638.0    35433.390       860.470        48.650
       639.0    35018.580       827.910        47.540
       640.0    34235.710       788.240        46.100
       641.0    33987.750       761.830        45.640
       642.0    33121.020       722.790        44.550
       643.0    32464.150       690.250        44.070
       644.0    31852.590       660.690        43.770
       645.0    31060.710       629.710        43.360
       646.0    30010.040       596.040        42.660
       647.0    28924.500       564.350        41.830
       648.0    27844.350       535.980        41.010
       649.0    26593.030       506.040        39.900
       650.0    25200.810       475.050        38.660
       651.0    23890.350       449.150        37.650
       652.0    22551.520       423.320        36.610
       653.0    21073.570       397.240        35.490
       654.0    19714.820       374.360        34.560
       655.0    18135.210       348.630        33.090
       656.0    16867.110       329.970        32.010
       657.0    15289.340       306.040        30.100
       658.0    13969.660       287.720        28.500
       659.0    12639.820       269.360        26.670
       660.0    11394.440       252.030        25.040
       661.0    10187.600       236.010        23.610
       662.0     9126.620       222.930        22.750
       663.0     8116.040       209.840        22.230
       664.0     7147.170       197.010        21.920
       665.0     6319.680       185.640        22.050
       666.0     5523.080       173.390        22.220
       667.0     4843.610       162.990        22.360
       668.0     4257.550       153.060        22.370
       669.0     3737.350       142.860        22.190
       670.0     3268.810       132.480        21.740
       671.0     2893.740       124.530        21.320
       672.0     2560.110       117.190        20.870
       673.0     2280.950       110.520        20.540
       674.0     2030.950       105.170        20.400
       675.0     1826.840       100.570        20.390
       676.0     1645.210        96.790        20.380
       677.0     1496.550        94.330        20.310
       678.0     1354.470        91.000        19.750
       679.0     1241.020        88.900        19.000
       680.0     1139.150        86.920        17.910
       681.0     1049.610        83.900        16.580
       682.0      984.190        82.560        15.400
       683.0      923.500        80.840        14.210